00100000000011000000000001010001
00100000000011010000000000000011
00100000000011100000000000000000
10101101110011000000000000000000
10001101110010000000000000000000
10101101110011010000000000000000
10001101110010010000000000000000
00100000000010100000000000000001
01110001010010010101000000000010
00000001000010100000100000101010
00010100001000000000000000000100
00010001010010000000000000000001
00001000000000000000110000001000
00100000000010110000000000000001
00001000000000000000110000010001
00100000000010110000000000000000
00001000000000000000110000010001
00000000000010111011100000100000